CUR_MEAS = [% d = 10%
            [1749 1753 1758 1735 1767 1774 1774 1777 1777 1780 1784 1782 1783 1786 1786 1788 1785 1788 1788 1786 1788 1787 1786 1783 1785 1786 1786 1784 1783 1783 1783 1782 1784 1782 1782 1780 1781 1777 1778 1778 1777 1776 1775 1776 1774 1774 1775 1774 1774 1774 1780 1774 1774 1772 1773 1773 1771]
            [1686 1689 1694 1699 1700 1716 1709 1711 1691 1716 1719 1719 1722 1723 1723 1723 1782 1723 1723 1719 1723 1723 1725 1724 1723 1718 1723 1724 1723 1723 1723 1726 1697 1723 1723 1723 1723 1723 1723 1723 1723 1723 1723 1723 1722 1722 1723 1721 1719 1721 1722 1721 1761 1711 1720 1719 1719]
            [1680 1687 1690 1695 1698 1699 1705 1708 1713 1711 1712 1715 1715 1715 1716 1719 1719 1719 1720 1719 1719 1719 1721 1719 1719 1721 1721 1719 1721 1722 1786 1719 1723 1719 1703 1719 1723 1720 1766 1719 1716 1717 1719 1718 1717 1718 1716 1719 1716 1715 1716 1723 1726 1731 1734 1738 1740]
            [1683 1687 1695 1698 1701 1706 1710 1710 1711 1713 1715 1716 1719 1720 1720 1721 1722 1722 1731 1722 1723 1723 1723 1726 1723 1723 1723 1723 1723 1723 1723 1723 1722 1721 1722 1721 1722 1721 1719 1716 1721 1724 1729 1735 1737 1740 1742 1745 1747 1748 1749 1750 1749 1750 1750 1750 1751]
            [1890 1912 1898 1902 1902 1905 1908 1907 1906 1909 1909 1910 1910 1928 1906 1908 1906 1904 1864 1906 1902 1902 1902 1901 1902 1900 1897 1897 1896 1894 1894 1891 1890 1888 1896 1898 1900 1903 1903 1905 1906 1906 1910 1908 1906 1909 1908 1909 1908 1906 1905 1904 1902 1903 1903 1904 1901]
            [1910 1916 1923 1928 1928 1930 1932 1932 1936 1930 1930 1928 1979 1929 1928 1926 1925 1924 1922 1920 1913 1917 1915 1916 1913 1911 1903 1909 1907 1915 1920 1925 1928 1928 1930 1932 1930 1879 1930 1930 1928 1928 1928 1925 1926 1924 1922 1920 1919 1917 1917 1916 1913 1913 1913 1910 1908]
            [1687 1698 1703 1710 1712 1719 1723 1723 1723 1723 1723 1725 1725 1726 1725 1725 1726 1726 1724 1724 1724 1746 1724 1723 1724 1726 1737 1747 1750 1753 1756 1759 1760 1672 1760 1761 1761 1773 1761 1761 1761 1780 1761 1761 1761 1760 1758 1758 1758 1760 1761 1774 1778 1785 1788 1789 1792]
            [1670 1683 1687 1620 1697 1698 1699 1700 1705 1707 1708 1711 1711 1711 1703 1711 1712 1711 1710 1725 1715 1712 1713 1723 1729 1726 1729 1735 1738 1740 1742 1742 1745 1744 1747 1747 1749 1748 1749 1748 1748 1749 1748 1747 1749 1752 1757 1825 1769 1790 1774 1774 1775 1776 1780 1778 1779]
            [1677 1688 1696 1699 1703 1708 1709 1710 1711 1712 1713 1713 1715 1713 1713 1713 1714 1713 1715 1714 1715 1724 1732 1735 1767 1742 1745 1747 1833 1743 1748 1749 1748 1748 1749 1748 1775 1747 1743 1747 1749 1757 1767 1773 1775 1777 1778 1778 1780 1782 1782 1780 1780 1780 1778 1780 1779]
            % d = 20%
            [1758 1767 1772 1808 1775 1779 1781 1786 1786 1780 1791 1794 1793 1797 1798 1799 1798 1800 1799 1753 1831 1800 1800 1800 1800 1800 1800 1800 1752 1786 1799 1798 1798 1798 1798 1798 1796 1796 1796 1798 1795 1793 1794 1790 1790 1792 1790 1790 1790 1788 1789 1800 1786 1786 1785 1786 1782]
            [1802 1806 1809 1813 1815 1818 1821 1824 1825 1825 1825 1826 1826 1828 1829 1831 1829 1828 1831 1829 1831 1829 1828 1828 1828 1828 1826 1826 1825 1826 1825 1825 1825 1823 1823 1823 1821 1821 1818 1821 1817 1817 1817 1819 1815 1818 1814 1813 1813 1813 1813 1810 1810 1836 1810 1809 1809]
            [1837 1838 1844 1845 1849 1851 1852 1856 1857 1857 1859 1860 1866 1860 1861 1861 1860 1859 1859 1859 1858 1862 1856 1855 1855 1855 1853 1853 1852 1851 1851 1851 1851 1851 1847 1908 1848 1845 1845 1844 1842 1841 1840 1841 1837 1836 1836 1836 1833 1846 1833 1838 1844 1813 1850 1851 1852]
            [1872 1881 1877 1881 1884 1884 1888 1890 1890 1892 1891 1893 1892 1889 1894 1894 1892 1892 1891 1892 1891 1889 1885 1887 1884 1885 1884 1882 1881 1879 1878 1878 1877 1877 1876 1877 1874 1873 1873 1871 1872 1875 1877 1884 1885 1886 1888 1890 1890 1888 1894 1893 1901 1892 1913 1893 1893]
            [1908 1914 1915 1919 1922 1923 1925 1927 1928 1928 1937 1925 1928 1915 1927 1928 1928 1927 1927 1925 1924 1923 1937 1921 1919 1918 1916 1915 1913 1913 1912 1910 1907 1907 1912 1915 1918 1923 1923 1942 1927 1928 1928 1928 1928 1928 1928 1928 1928 1928 1926 1904 1925 1900 1924 1923 1919]
            [1937 1952 1944 1952 1951 1953 1953 1953 1953 1953 1952 1953 1952 1953 1953 1952 1952 1951 1949 1948 1946 1945 1944 1942 1941 1939 1939 1935 1933 1940 1942 1948 1948 1951 1953 1953 1953 1953 1953 1955 1953 1979 1949 1952 2002 1952 1951 1951 1942 1944 1926 1941 1941 1941 1938 1933 1935]
            [1962 1967 1973 1979 1979 1981 1983 1982 1983 1980 1982 1981 1979 1979 1978 1978 1974 1973 1971 1968 1967 1966 1963 1963 2034 1960 1967 1974 1979 1979 1981 1983 1983 1982 1983 1981 1979 1979 1978 1979 1975 1975 1971 1970 1973 1966 1965 1966 1961 1954 1963 1968 1976 1976 1979 1981 1982]
            [2004 2006 2010 2011 2014 2015 2017 2018 2019 2017 2017 2015 2016 2016 2012 2010 2010 2008 2008 2006 2004 2003 2003 2006 2008 2011 2013 2015 2016 2017 2018 2016 2016 2015 2015 2007 2012 2010 2008 2009 2006 2005 2005 2004 2003 2006 2008 2010 2014 2015 2016 2011 2017 2017 2018 2016 2015]
            [2026 2030 2032 2038 2038 2042 2042 2040 2042 2038 2038 2036 2032 2032 2030 2029 2030 2026 2026 2021 2019 2026 2031 2037 2039 2040 2042 2041 2039 2038 2038 2026 2033 2032 2030 2029 2029 2027 2018 2022 2022 2029 2031 2037 2040 2041 2042 2043 2040 2039 2038 2035 2034 2057 2030 2029 2027]
            % d = 30%
            [1774 1777 1780 1785 1788 1790 1794 1796 1799 1801 1801 1802 1804 1804 1805 1807 1806 1787 1809 1810 1810 1810 1810 1812 1811 1811 1811 1810 1812 1810 1811 1813 1810 1813 1778 1810 1802 1809 1810 1808 1806 1745 1806 1802 1805 1804 1802 1800 1804 1801 1801 1801 1800 1800 1799 1799 1798]
            [1812 1814 1820 1824 1825 1826 1828 1830 1833 1837 1837 1837 1837 1839 1839 1840 1841 1841 1842 1843 1840 1843 1841 1841 1840 1837 1842 1839 1839 1839 1837 1839 1812 1836 1834 1834 1833 1832 1831 1826 1828 1829 1826 1827 1825 1825 1825 1825 1825 1823 1821 1821 1820 1818 1814 1817 1817]
            [1849 1851 1853 1857 1860 1864 1864 1866 1867 1869 1869 1872 1873 1871 1872 1874 1875 1874 1873 1876 1869 1872 1872 1869 1870 1870 1860 1867 1865 1866 1864 1864 1863 1861 1862 1861 1860 1869 1857 1856 1853 1853 1852 1853 1851 1851 1850 1849 1849 1853 1847 1851 1856 1859 1861 1864 1865]
            [1887 1892 1894 1896 1901 1884 1902 1908 1907 1904 1907 1908 1912 1908 1910 1904 1917 1907 1909 1908 1904 1904 1904 1904 1902 1902 1902 1901 1900 1898 1897 1896 1896 1894 1891 1891 1888 1922 1888 1885 1885 1890 1896 1896 1900 1902 1902 1905 1905 1906 1907 1910 1910 1909 1908 1904 1902]
            [1922 1927 1931 1932 1933 1933 1936 1940 1935 1942 1943 1942 1941 1942 1942 1941 1942 1941 1938 1939 1936 1936 1935 1932 1932 1932 1966 1928 1928 1928 1927 1925 1923 1924 1927 1928 1932 1933 1938 1939 1939 1940 1941 1944 1981 1943 1942 1941 1944 1943 1940 1939 1938 1940 1938 1935 1933]
            [1948 1953 1958 1965 1963 1968 1971 1969 1974 1973 1974 1969 1973 1968 1961 1966 1965 1965 1962 1961 1959 1958 1957 1953 1953 1953 1951 1951 1946 1952 1957 1962 1965 1967 1968 1971 1974 1972 1971 1971 1971 1970 1967 1952 1966 1965 1962 1962 1960 1955 1953 1953 1953 1952 1959 1949 1948]
            [1979 1983 1989 1986 1995 1997 1999 2000 2002 2001 2000 1991 1997 1995 1994 1993 1991 1991 1953 1984 1983 1981 1979 1979 1925 1978 1983 1976 1992 1995 1999 2003 2007 2000 1999 2000 1997 1997 1994 2054 1992 1990 1990 1987 1984 1983 1981 1979 1979 1977 1979 1985 1990 1993 1996 1997 199]
            [2022 2025 2027 2028 2030 2033 2031 2031 2022 2031 2034 2032 2031 2030 2030 2030 2029 2027 2022 2022 2021 2019 2018 2022 2026 2028 2029 2030 2030 2030 2031 2031 2031 2030 2031 2031 2034 2029 2030 2026 2022 2026 2020 2019 2017 2021 2028 2029 2030 2030 2030 2034 2054 2031 2027 2030 2032]
