% voltage measurements (in mV) from current sensing amplifier were copied
% over from Arduino 1.8.19 Serial Monitor Output from COM3
CUR_MEAS = [% d = 10%
            [1694 1698 1702 1708 1711 1715 1720 1723 1725 1727 1729 1721 1734 1735 1743 1741 1738 1740 1739 1740 1742 1741 1741 1742 1742 1741 1740 1741 1742 1741 1741 1740 1740 1741 1739 1741 1740 1739 1739 1738 1737 1739 1737 1737 1806 1726 1738 1736 1737 1737 1744 1735 1735 1735 1735 1736 1735]
            [1793 1797 1800 1802 1806 1810 1812 1813 1814 1845 1817 1817 1818 1818 1817 1818 1821 1820 1819 1817 1817 1820 1817 1817 1815 1815 1815 1814 1814 1825 1813 1813 1811 1815 1851 1810 1812 1809 1808 1808 1807 1806 1805 1804 1804 1802 1801 1800 1800 1800 1799 1787 1800 1798 1825 1805 1798]
            [1677 1683 1687 1693 1698 1698 1705 1706 1707 1710 1712 1713 1714 1715 1715 1716 1718 1716 1719 1719 1713 1719 1719 1719 1721 1721 1719 1720 1719 1719 1715 1719 1719 1719 1696 1719 1716 1721 1716 1719 1718 1716 1718 1716 1713 1716 1714 1730 1715 1715 1718 1719 1726 1731 1735 1737 1740]
            [1678 1683 1683 1694 1697 1700 1701 1705 1708 1708 1711 1710 1714 1715 1716 1668 1716 1715 1716 1716 1715 1716 1719 1719 1718 1718 1718 1718 1719 1719 1719 1716 1711 1715 1715 1714 1719 1715 1715 1786 1702 1723 1725 1729 1735 1737 1742 1741 1745 1747 1749 1749 1749 1750 1749 1749 1749]
            [1684 1689 1694 1698 1701 1737 1708 1711 1711 1712 1715 1716 1719 1719 1720 1720 1719 1721 1722 1722 1720 1723 1721 1722 1721 1721 1723 1723 1722 1723 1721 1723 1721 1720 1723 1728 1735 1719 1741 1745 1747 1749 1749 1750 1751 1750 1751 1753 1754 1754 1754 1753 1757 1754 1754 1753 1754]
            [1916 1922 1925 1927 1928 1929 1930 1930 1931 1932 1932 1932 1932 1931 1929 1929 1930 1928 1928 1927 1926 1926 1924 1921 1920 1919 1920 1916 1916 1917 1922 1925 1928 1928 1928 1930 1932 1930 1932 1930 1929 1930 1930 1929 1929 1928 1928 1928 1927 1904 1924 1920 1920 1920 1917 1916 1916]
            [1678 1683 1685 1691 1696 1698 1700 1703 1706 1705 1708 1710 1708 1711 1711 1711 1712 1711 1713 1712 1712 1713 1723 1713 1713 1715 1722 1724 1727 1732 1735 1738 1739 1743 1744 1742 1745 1745 1748 1747 1747 1748 1749 1749 1748 1735 1748 1748 1749 1749 1749 1751 1758 1761 1766 1771 1773]
            [1696 1700 1705 1710 1711 1715 1716 1721 1721 1723 1723 1723 1723 1724 1725 1726 1725 1727 1727 1726 1726 1726 1732 1736 1741 1746 1748 1749 1750 1754 1754 1757 1759 1758 1760 1759 1761 1761 1750 1766 1761 1761 1761 1761 1769 1774 1776 1778 1782 1786 1788 1787 1790 1790 1791 1721 1793]
            [1696 1698 1698 1702 1703 1706 1707 1708 1710 1711 1711 1710 1713 1713 1703 1711 1712 1720 1723 1726 1729 1732 1738 1737 1739 1740 1745 1739 1744 1744 1733 1747 1747 1747 1747 1747 1747 1750 1754 1761 1769 1770 1772 1773 1767 1775 1775 1777 1795 1775 1777 1778 1776 1778 1778 1778 1780]
            % d = 20%
            [1772 1774 1778 1782 1809 1788 1794 1791 1799 1800 1800 1801 1804 1805 1806 1807 1808 1808 1810 1810 1812 1810 1812 1812 1795 1801 1812 1812 1810 1812 1810 1813 1809 1808 1808 1807 1808 1805 1806 1805 1802 1809 1802 1802 1800 1769 1800 1800 1799 1798 1798 1799 1799 1792 1797 1794 1795]
            [1809 1813 1814 1818 1825 1825 1825 1828 1830 1833 1834 1837 1837 1837 1838 1839 1839 1850 1839 1840 1840 1840 1839 1839 1839 1837 1825 1837 1837 1834 1834 1833 1833 1830 1830 1829 1830 1828 1826 1826 1825 1834 1825 1825 1825 1823 1821 1822 1821 1821 1842 1817 1817 1887 1798 1814 1814]
            [1846 1850 1852 1846 1858 1861 1864 1866 1866 1869 1919 1872 1873 1874 1873 1874 1874 1837 1873 1871 1871 1871 1869 1869 1868 1868 1865 1865 1865 1862 1865 1863 1861 1861 1860 1886 1857 1855 1853 1854 1853 1852 1851 1851 1851 1849 1849 1849 1846 1829 1847 1851 1853 1855 1860 1862 1865]
            [1884 1826 1892 1896 1898 1901 1902 1903 1904 1907 1907 1908 1928 1906 1908 1910 1906 1907 1905 1903 1904 1902 1902 1901 1901 1902 1901 1899 1897 1896 1896 1893 1892 1890 1890 1889 1887 1885 1884 1925 1885 1889 1892 1900 1900 1900 1902 1903 1904 1906 1907 1908 1907 1907 1907 1907 1907]
            [1920 1924 1928 1928 1929 1933 1933 1935 1936 1938 1940 1940 1938 1911 1937 1938 1936 1943 1935 1933 1932 1931 1930 1929 1928 1928 1928 1925 1924 1919 1920 1918 1918 1916 1919 1928 1930 1928 1932 1932 1935 1938 1936 1938 1939 1939 1940 1939 1938 1936 1938 1913 1935 1928 1932 1930 1929]
            [1948 1906 1954 1957 1948 1964 1979 1965 1967 1967 1967 1966 1966 1967 1966 1966 1964 1963 1963 1953 1959 1959 1957 1939 1954 1953 1952 1952 1951 1952 1954 1956 1959 1964 1964 1965 1966 1966 1967 1967 1966 1967 1966 1966 1964 1963 1960 1961 1963 1958 1955 1955 1953 1953 1953 1952 1892]
            [1974 1989 1979 1979 1981 1982 1983 1984 1987 1987 1986 1984 1987 1984 1983 1984 1981 1981 1979 1978 1979 1975 1975 1973 1973 1974 1975 1979 1980 1980 1984 1984 1984 1987 1986 1984 1986 1986 1991 1983 1981 1982 1979 1979 1978 1977 1976 1975 1974 1971 1971 1976 1979 1981 1927 1986 1986]
            [2004 2029 2011 2013 2015 2016 2017 2015 2019 2016 2019 2017 2017 2017 2013 2013 2011 2008 1991 2005 2005 2004 2004 2008 2009 2004 2012 2015 2009 2016 2017 2017 2017 2015 2015 2015 2013 2013 2013 2010 2008 2006 2006 2004 2003 2007 2010 2011 2018 2016 2016 2017 2017 2017 2017 2015 2015]
            [2034 2038 2041 2043 2046 2046 2047 2046 2048 2050 2047 2046 2046 2043 2042 2035 2040 2038 2037 2035 2034 2038 2070 2044 2046 2047 2047 2054 2048 2058 2046 2046 2040 2044 2043 2041 2038 2042 2037 2034 2034 2038 2042 2042 2045 2042 2046 2048 2048 2047 2047 2045 2044 2066 2042 2041 2040]
            % d = 30%
            [1780 1787 1790 1799 1758 1800 1802 1806 1806 1812 1811 1811 1813 1813 1815 1814 1814 1817 1817 1814 1819 1820 1819 1820 1821 1821 1821 1821 1821 1821 1824 1821 1821 1821 1818 1821 1820 1821 1820 1825 1817 1817 1817 1816 1815 1814 1814 1813 1813 1814 1811 1812 1812 1811 1809 1810 1805]
            [1825 1827 1830 1835 1839 1841 1844 1791 1849 1849 1850 1851 1851 1852 1853 1852 1857 1854 1856 1855 1856 1860 1855 1856 1856 1854 1856 1857 1853 1920 1849 1851 1851 1851 1850 1850 1850 1848 1806 1828 1846 1843 1844 1843 1841 1839 1840 1838 1839 1837 1836 1837 1837 1833 1831 1840 1829]
            [1865 1869 1873 1877 1877 1881 1881 1885 1885 1888 1888 1890 1891 1892 1894 1892 1892 1893 1894 1895 1892 1902 1890 1892 1891 1888 1888 1886 1887 1885 1884 1888 1881 1881 1879 1877 1879 1877 1877 1876 1876 1875 1872 1872 1869 1869 1866 1867 1865 1865 1865 1873 1876 1877 1881 1879 1901]
            [1903 1906 1911 1925 1916 1916 1919 1920 1923 1924 1926 1927 1927 1928 1928 1928 1928 1928 1927 1927 1927 1924 1925 1995 1923 1920 1920 1919 1916 1915 1914 1986 1912 1927 1911 1908 1901 1905 1902 1903 1903 1906 1915 1914 1917 1919 1919 1911 1924 1927 1926 1927 1928 1928 1928 1928 1927]
            [1936 1942 1945 1948 1951 1952 1953 1955 1953 1957 1958 1958 1911 1956 1945 1958 1956 1971 1969 1955 1954 1953 1953 1951 1953 1948 1948 1945 1945 1941 1944 1940 1939 1938 1941 1945 1949 1950 1952 1953 1955 1955 1955 1958 1959 1959 1959 1958 1960 1955 1958 1955 1957 1953 1953 1953 1952]
            [1966 1969 1971 1975 1971 1979 1979 1979 1981 1982 1981 1981 1980 1983 1981 1981 1991 1979 1979 1978 1977 1974 1975 1974 1969 1969 1967 1967 1966 1966 1971 1974 1975 1979 1979 1979 1980 1981 2017 1982 1982 1981 1994 1979 1980 1979 1979 1978 1976 1975 1975 1971 1971 1971 1967 1967 1966]
            [1992 1995 1999 2003 2003 2004 2004 2008 2007 2007 2007 2005 2007 2005 2004 2004 2004 2003 2003 1999 1999 1928 1995 1994 1994 1992 1997 2000 2003 2004 2012 2004 2009 1961 2006 2006 2010 2009 2005 2005 2004 2004 2005 2002 2003 1999 2000 2015 2007 1991 1994 1999 2002 2003 2004 2004 2006]
            [2029 2030 2031 2035 2037 2038 2040 2041 2043 2042 2041 2040 2041 2034 2046 2038 2034 2034 2031 2030 2030 2028 2028 2029 2032 2004 2018 2040 2040 2040 2041 2042 2042 2010 2041 2038 2036 2107 2034 2027 2031 2030 2030 2029 2029 2035 2030 2034 2035 2038 2038 2040 2041 2042 2030 2041 2040]
