CUR_MEAS = [% d = 10%
            [1683 1689 1698 1702 1708 1712 1715 1719 1723 1723 1723 1726 1726 1728 1727 1731 1726 1729 1727 1729 1729 1726 1727 1728 1729 1727 1726 1727 1726 1724 1727 1725 1726 1723 1723 1715 1723 1724 1723 1701 1724 1723 1728 1723 1723 1723 1713 1723 1731 1722 1720 1719 1722 1722 1719 1721 1719]
            [1681 1690 1698 1702 1709 1711 1713 1718 1720 1725 1723 1723 1723 1723 1726 1723 1723 1723 1723 1723 1723 1723 1723 1723 1723 1804 1723 1721 1723 1723 1723 1722 1721 1721 1723 1721 1721 1719 1721 1721 1721 1722 1719 1719 1720 1718 1719 1716 1716 1716 1715 1716 1716 1715 1715 1713 1713]
            [1674 1691 1698 1700 1706 1711 1715 1715 1721 1719 1721 1719 1722 1723 1723 1723 1722 1722 1722 1722 1722 1721 1722 1721 1719 1735 1745 1719 1720 1722 1719 1719 1716 1719 1719 1719 1716 1715 1719 1716 1715 1715 1718 1715 1715 1714 1715 1716 1713 1714 1719 1715 1735 1740 1743 1753 1749]
            [1624 1689 1696 1702 1697 1711 1711 1715 1715 1720 1718 1719 1721 1719 1723 1721 1719 1722 1719 1723 1719 1719 1718 1718 1718 1718 1719 1718 1719 1716 1716 1719 1715 1716 1715 1715 1715 1716 1714 1715 1720 1724 1732 1738 1742 1747 1767 1751 1750 1750 1753 1751 1751 1751 1752 1750 1750]
            [1682 1690 1698 1700 1707 1710 1711 1713 1715 1715 1715 1716 1719 1719 1721 1722 1716 1713 1703 1719 1719 1716 1716 1718 1719 1719 1718 1716 1716 1716 1747 1715 1715 1716 1723 1731 1736 1743 1747 1748 1750 1749 1750 1750 1750 1751 1740 1751 1750 1750 1750 1725 1749 1750 1749 1749 1750]
            [1912 1918 1908 1928 1929 1930 1932 1931 1936 1932 1932 1930 1979 1929 1929 1928 1927 1926 1924 1926 1920 1918 1916 1917 1916 1914 1912 1910 1910 1917 1920 1927 1929 1932 1935 1940 1932 1932 1932 1929 1929 1951 1926 1928 1928 1927 1926 1923 1922 1918 1917 1915 1915 1853 1913 1912 1911]
            [1671 1675 1679 1686 1689 1693 1695 1698 1698 1702 1701 1705 1710 1706 1707 1709 1707 1716 1709 1709 1708 1708 1710 1709 1708 1710 1715 1723 1723 1726 1728 1734 1735 1737 1737 1739 1742 1740 1741 1674 1742 1743 1742 1742 1741 1744 1742 1741 1740 1741 1747 1751 1761 1770 1774 1774 1775]
            [1673 1681 1690 1697 1698 1703 1705 1706 1707 1718 1710 1710 1707 1710 1710 1711 1710 1710 1710 1710 1710 1710 1710 1719 1724 1731 1734 1738 1739 1741 1731 1743 1747 1754 1746 1745 1743 1742 1745 1743 1743 1742 1744 1742 1743 1750 1758 1761 1772 1774 1774 1776 1776 1813 1776 1777 1777]
            [1674 1683 1686 1693 1697 1699 1700 1702 1703 1707 1707 1709 1710 1710 1711 1711 1711 1710 1712 1712 1716 1711 1726 1749 1732 1736 1739 1814 1745 1744 1743 1745 1747 1747 1748 1747 1747 1749 1749 1747 1749 1759 1772 1774 1774 1777 1777 1778 1780 1780 1780 1780 1781 1733 1782 1783 1782]
            % d = 20%
            [1766 1774 1778 1786 1789 1793 1797 1799 1801 1802 1802 1805 1806 1809 1808 1809 1809 1809 1808 1810 1810 1808 1810 1808 1808 1808 1809 1808 1806 1804 1805 1804 1802 1802 1802 1800 1800 1800 1800 1798 1798 1798 1796 1796 1798 1794 1795 1793 1790 1793 1790 1790 1790 1790 1790 1788 1786]
            [1805 1813 1817 1825 1825 1827 1831 1836 1834 1825 1838 1855 1840 1842 1842 1841 1841 1841 1839 1839 1840 1846 1837 1836 1837 1835 1833 1833 1833 1830 1829 1828 1828 1826 1825 1825 1825 1825 1825 1821 1823 1821 1815 1820 1817 1818 1815 1814 1815 1813 1813 1813 1812 1812 1812 1810 1808]
            [1840 1849 1851 1869 1861 1865 1877 1869 1873 1873 1873 1873 1877 1876 1873 1873 1869 1869 1871 1869 1869 1865 1864 1865 1864 1864 1862 1859 1857 1852 1863 1855 1855 1852 1851 1851 1841 1851 1849 1849 1848 1843 1845 1844 1844 1841 1841 1839 1817 1839 1839 1847 1855 1858 1865 1865 1868]
            [1877 1902 1891 1896 1901 1902 1904 1904 1908 1908 1908 1907 1908 1907 1908 1904 1903 1902 1902 1902 1901 1900 1899 1896 1900 1893 1892 1890 1892 1888 1888 1888 1884 1877 1881 1881 1878 1880 1878 1877 1879 1888 1892 1900 1901 1902 1888 1908 1906 1910 1911 1909 1907 1906 1906 1905 1903]
            [1900 1917 1926 1928 1931 1932 1935 1959 1939 1940 1940 1937 1936 1936 1933 1933 1932 1929 1927 1928 1927 1925 1924 1924 1920 1919 1916 1882 1915 1912 1913 1911 1906 1908 1916 1922 1927 1927 1932 1935 1938 1936 1936 1940 1936 1936 1933 1932 1931 1932 1928 1928 1925 1928 1925 1924 1922]
            [1948 1953 1959 1965 1905 1967 1971 1971 1967 1971 1971 1971 1968 1967 1967 1966 1966 1963 1962 1961 1957 1957 1954 1953 1952 1952 1902 1948 1945 1951 1955 1962 1965 1967 1968 1970 1971 1971 1971 1971 1970 1970 1967 1966 1964 1967 1959 1961 1957 1955 1953 1953 1953 1952 1949 1946 1945]
            [1975 1981 1996 1991 1994 2004 1997 1997 1996 1997 1996 1996 1996 1992 1991 1987 1987 1988 1984 1980 1980 1979 1979 1979 1974 1975 1981 1989 1991 1996 1997 1999 2008 2000 1999 1997 1997 1994 2030 1992 1992 1987 1963 1986 1982 2046 1979 1979 1979 1976 1977 1983 1989 1991 1994 1995 1999]
            [2006 2012 2019 2021 2026 2026 2027 2026 2029 2026 2025 2059 2021 2021 2017 2013 2016 2013 2012 2009 2007 2006 2004 2003 2017 2019 2022 2026 2026 2029 2028 2026 2026 2022 2021 2020 2019 2017 2015 2013 2013 2009 2006 2006 2003 2010 2016 2019 2022 2027 2028 2026 2025 2022 2024 2019 2019]
            [2045 2047 2050 2054 2055 2055 2058 2055 2056 2055 2056 2055 2054 2054 2051 2051 2048 2047 2044 2046 2043 2046 2050 2053 2055 2055 2055 2054 2051 2065 2054 2054 2053 2052 1995 2050 2046 2046 2045 2055 2044 2048 2053 2055 2054 2055 2061 2055 2055 2056 2055 2055 2055 2054 2050 2043 2050]
            % d = 30%
            [1775 1786 1793 1798 1800 1805 1804 1812 1812 1773 1814 1817 1816 1815 1817 1820 1820 1820 1820 1821 1820 1817 1822 1820 1821 1820 1821 1821 1821 1821 1821 1892 1821 1818 1817 1818 1817 1819 1817 1817 1814 1814 1813 1813 1749 1812 1810 1810 1810 1809 1808 1806 1806 1806 1804 1804 1802]
            [1821 1828 1834 1839 1845 1845 1851 1853 1853 1853 1850 1878 1856 1855 1859 1861 1859 1859 1859 1859 1860 1858 1878 1813 1857 1857 1853 1853 1794 1852 1851 1851 1849 1850 1849 1847 1849 1845 1844 1842 1843 1840 1842 1839 1838 1837 1836 1836 1833 1831 1774 1830 1833 1828 1827 1826 1826]
            [1857 1865 1872 1856 1877 1873 1864 1885 1888 1902 1888 1888 1889 1890 1890 1890 1889 1888 1888 1888 1888 1886 1884 1881 1881 1881 1879 1878 1877 1877 1877 1877 1874 1876 1871 1873 1871 1868 1867 1865 1865 1864 1862 1863 1885 1860 1857 1857 1853 1855 1857 1866 1869 1877 1877 1881 1884]
            [1895 1902 1906 1911 1914 1917 1919 1920 1920 1925 1924 1924 1926 1925 1924 1915 1923 1920 1920 1917 1916 1915 1914 1915 1913 1911 1910 1907 1908 1904 1902 1890 1901 1901 1900 1902 1897 1895 1892 1893 1893 1902 1907 1911 1915 1916 1920 1920 1923 1923 1924 1925 1926 1924 1926 1924 1922]
            [1932 1940 1946 1949 1953 1954 1957 1958 1960 1959 1963 1960 1960 1959 1957 1957 1955 1953 1953 1953 1953 1936 1950 1946 1953 1948 1941 1940 1938 1936 1936 1873 1930 1924 1938 1946 1949 1953 1936 1957 1955 1959 1963 1961 1960 1960 1961 1958 1957 1961 1952 1953 1953 1952 1951 1948 1946]
            [1966 1974 1979 1997 1983 1987 1988 1991 1991 1991 1991 1991 1991 1991 1989 1984 1983 1981 1979 1979 1978 1976 1977 1974 1971 1968 1968 1967 1964 1969 1978 1964 1983 1984 2017 1991 1992 1992 1991 1991 1990 1991 1988 1984 1983 1981 1983 1980 1979 1977 1974 1975 1971 1968 1898 1979 1965]
            [2000 2007 2010 2017 2019 2022 2022 2024 2026 1952 2062 2022 2022 2019 2019 2016 2015 2013 1963 2009 2008 2006 2004 2003 2003 1999 2009 2013 2017 2019 2021 2022 2024 2022 2024 2030 2022 2020 2019 2019 2016 2015 2014 2010 2009 2006 2004 2002 2003 2003 2003 2006 2012 2016 2017 2020 2022]
            [2033 2041 2045 2048 2054 2054 2054 2055 2055 2054 2053 2053 2050 2046 2046 2043 2041 2038 2038 2035 2034 2030 2031 2038 2043 2050 2051 2054 2054 2055 2054 2078 2055 2053 2051 2051 2048 2046 1997 2041 2038 2037 2035 2032 2030 1983 2042 2046 2050 2050 2054 2055 2054 2054 2053 2051 2051]
