CUR_MEAS = [% d = 10%
            [1749 1754 1761 1772 1776 1774 1813 1786 1787 1790 1792 1792 1794 1818 1791 1792 1791 1791 1790 1791 1789 1790 1790 1788 1786 1787 1786 1786 1785 1786 1783 1783 1782 1782 1778 1783 1779 1780 1778 1777 1778 1776 1775 1774 1774 1775 1774 1774 1774 1774 1774 1774 1772 1771 1785 1772 1770]
            [1786 1794 1801 1804 1810 1813 1814 1760 1818 1818 1821 1821 1761 1837 1821 1821 1818 1820 1817 1816 1814 1814 1818 1813 1813 1813 1813 1812 1812 1816 1809 1808 1806 1805 1805 1804 1802 1805 1802 1749 1800 1800 1800 1825 1798 1825 1798 1796 1798 1796 1795 1793 1795 1794 1791 1790 1789]
            [1679 1686 1696 1699 1706 1708 1711 1714 1715 1719 1719 1719 1721 1719 1723 1719 1719 1739 1721 1721 1719 1720 1719 1719 1719 1719 1719 1719 1719 1706 1716 1716 1732 1718 1715 1715 1711 1716 1715 1735 1715 1715 1712 1713 1713 1712 1713 1713 1712 1715 1719 1723 1731 1736 1741 1748 1749]
            [1680 1687 1695 1700 1706 1709 1712 1714 1716 1716 1716 1719 1719 1718 1720 1719 1719 1721 1721 1716 1719 1719 1718 1719 1718 1716 1722 1719 1722 1716 1715 1718 1714 1715 1715 1714 1656 1715 1714 1714 1690 1727 1732 1736 1742 1747 1749 1749 1747 1766 1749 1753 1751 1751 1751 1750 1750]
            [1676 1667 1694 1699 1705 1709 1709 1715 1712 1713 1715 1731 1719 1715 1715 1723 1715 1715 1718 1715 1716 1715 1715 1715 1715 1713 1713 1713 1715 1713 1711 1711 1712 1712 1723 1727 1735 1739 1747 1748 1748 1749 1749 1751 1749 1750 1753 1749 1751 1749 1749 1749 1753 1749 1749 1748 1748]
            [1919 1923 1932 1925 1928 1930 1932 1933 1933 1933 1934 1933 1932 1928 1932 1932 1930 1928 1928 1928 1928 1925 1928 1924 1922 1922 1920 1916 1920 1919 1924 1928 1928 1932 1932 1932 1932 1936 1936 1935 1932 1933 1935 1932 1931 1931 1930 1929 1928 1928 1930 1925 1920 1923 1924 1920 1919]
            [1679 1688 1697 1700 1776 1710 1703 1713 1713 1716 1716 1715 1719 1715 1715 1716 1716 1719 1716 1725 1716 1716 1716 1715 1715 1719 1796 1732 1732 1742 1747 1748 1749 1749 1749 1750 1749 1750 1750 1749 1749 1787 1749 1749 1748 1749 1747 1749 1749 1746 1749 1758 1767 1774 1775 1777 1782]
            [1971 1978 1981 1984 1988 1990 1988 1991 1987 1987 1984 1986 1987 1981 1979 1979 1979 1978 1975 1973 1971 1968 1968 1977 1979 1984 1987 1987 1990 1989 1945 1987 1987 1986 1983 1981 1979 1979 1979 1978 1975 1973 1971 1970 1967 1968 1979 1987 1987 1987 1989 1987 1980 1989 1986 1982 1984]
            [1699 1702 1707 1710 1709 1715 1712 1715 1715 1713 1713 1713 1716 1710 1695 1714 1715 1715 1723 1729 1735 1739 1741 1745 1747 1748 1749 1748 1748 1774 1749 1748 1748 1748 1748 1749 1747 1748 1753 1757 1772 1774 1777 1778 1778 1779 1779 1809 1783 1782 1780 1778 1780 1782 1780 1777 1778]
            % d = 20%
            [1766 1824 1779 1785 1789 1774 1798 1800 1800 1801 1802 1805 1808 1805 1805 1806 1808 1810 1757 1808 1810 1809 1810 1808 1808 1807 1760 1805 1802 1802 1813 1798 1801 1801 1800 1800 1800 1800 1800 1796 1801 1798 1795 1796 1793 1794 1794 1792 1791 1805 1790 1790 1789 1788 1788 1786 1785]
            [1802 1810 1814 1821 1825 1825 1829 1831 1834 1834 1837 1837 1837 1839 1840 1833 1821 1837 1836 1840 1837 1836 1833 1834 1834 1831 1829 1828 1829 1830 1825 1825 1825 1825 1825 1824 1823 1821 1821 1820 1818 1817 1817 1821 1814 1815 1814 1814 1813 1813 1811 1810 1810 1809 1807 1808 1804]
            [1841 1849 1853 1857 1863 1865 1866 1861 1873 1874 1874 1875 1875 1875 1875 1875 1873 1873 1871 1869 1869 1866 1866 1865 1865 1863 1864 1893 1861 1861 1857 1859 1856 1853 1853 1852 1852 1851 1850 1849 1849 1849 1846 1844 1842 1841 1842 1841 1839 1837 1841 1849 1853 1858 1863 1865 1868]
            [1888 1882 1888 1893 1896 1901 1904 1902 1904 1904 1904 1905 1904 1903 1903 1902 1909 1901 1901 1900 1898 1898 1894 1892 1887 1891 1890 1887 1885 1885 1882 1882 1881 1877 1877 1877 1877 1876 1876 1866 1876 1881 1888 1893 1897 1900 1902 1903 1904 1904 1902 1904 1904 1902 1902 1902 1900]
            [1904 1915 1919 1924 1927 1928 1930 1932 1932 1934 1933 1932 1933 1930 1930 1932 1928 1941 1927 1904 1922 1920 1919 1920 1917 1915 1912 1911 1913 1910 1909 1906 1904 1904 1913 1917 1924 1926 1930 1928 1932 1932 1932 1932 1932 1932 1929 1929 1904 1928 1927 1924 1924 1922 1920 1920 1919]
            [1953 1954 1955 1955 1961 1961 1966 2032 1967 1967 1967 1965 1966 1965 1965 1964 1965 1964 1960 1960 1959 1957 1955 1954 1953 1953 1952 1952 1950 1953 1954 1957 1961 1962 1965 1965 1966 1967 1966 1967 1968 1965 1967 1964 1965 1963 1963 1963 1961 1958 1955 1955 1955 1953 1952 1953 1948]
            [1968 1976 1984 1984 1987 1990 1992 1992 1992 1991 1991 1989 1987 1987 1986 1982 1981 1981 1978 1976 1975 1974 1971 1968 1968 1978 1977 1979 1983 1987 1989 1991 1991 1992 1991 1990 1989 1979 1985 1984 1983 1980 1979 1979 1961 1976 1974 1971 1970 1967 1968 1978 1980 1987 1989 1990 1991]
            [2028 1953 2011 2019 2020 2024 2026 2025 2024 2026 2074 2021 2021 2018 2017 2017 2015 2013 2009 2010 2007 2004 2011 2009 2017 2022 2019 2025 2025 2028 2026 2026 2025 2021 2021 2018 2017 2019 2015 2013 2010 2015 1993 2004 2004 2008 2013 2020 2022 2024 2027 2027 2027 2026 2025 2022 2019]
            [2042 2047 2054 2123 2056 2061 2059 2061 2060 2058 2055 2057 2055 2053 2053 2050 2048 2046 2043 2040 2040 2047 2053 2055 2057 2059 2059 2061 2059 2058 2058 2055 2054 2053 2051 2048 2047 2045 2042 2040 2040 2050 2054 2056 2056 2058 2060 2058 2060 2056 2056 2055 2055 2054 2051 2047 2044]
            % d = 30%
            [1775 1782 1790 1798 1800 1801 1800 1809 1813 1812 1813 1813 1813 1815 1815 1814 1815 1815 1814 1817 1817 1815 1815 1817 1817 1817 1818 1817 1817 1812 1817 1816 1814 1814 1788 1814 1814 1814 1811 1813 1813 1817 1810 1808 1810 1807 1806 1806 1734 1805 1802 1802 1813 1801 1802 1800 1800]
            [1814 1823 1843 1833 1836 1842 1842 1844 1849 1849 1851 1851 1851 1851 1851 1851 1852 1852 1851 1851 1853 1849 1851 1851 1850 1849 1849 1849 1847 1845 1846 1843 1842 1873 1850 1839 1839 1837 1836 1836 1834 1826 1833 1828 1829 1831 1862 1828 1826 1825 1825 1825 1825 1820 1821 1821 1823]
            [1858 1864 1868 1874 1877 1880 1881 1887 1882 1888 1888 1895 1890 1888 1889 1890 1888 1891 1889 1887 1885 1884 1885 1884 1881 1879 1879 1877 1877 1876 1875 1875 1928 1873 1872 1869 1868 1866 1865 1864 1860 1863 1861 1859 1861 1857 1857 1855 1853 1851 1856 1877 1869 1877 1877 1881 1885]
            [1889 1924 1903 1907 1929 1914 1916 1917 1919 1920 1920 1920 1920 1920 1919 1919 1919 1919 1915 1915 1915 1914 1912 1908 1908 1907 1907 1904 1904 1893 1902 1900 1899 1924 1896 1892 1893 1891 1890 1888 1892 1899 1902 1907 1912 1915 1916 1917 1920 1920 1920 1920 1920 1920 1902 1922 1915]
            [1927 1931 1931 1943 1946 1949 1952 1952 1955 1953 1953 1953 1952 1954 1952 1949 1952 1951 1948 1946 1944 1943 1940 1946 1937 1935 1934 1931 1929 1928 1928 1928 1925 1922 1917 1936 1941 1944 1949 1951 1953 1953 1953 1953 1953 1953 1952 1953 1952 1951 1949 1948 1919 1944 1943 1940 1940]
            [1967 1974 1979 1978 1983 1987 1990 1991 1991 1957 1992 1991 1989 1987 1987 1986 1984 1981 1980 1979 1978 1978 2030 1974 1971 1970 1967 1966 1966 1970 1974 1979 1983 1987 1987 1990 1991 1991 1992 1990 1990 1989 1987 1984 1982 1981 1979 1979 1979 1977 1977 1938 1973 1970 1968 1967 1966]
            [1992 2000 2004 2007 2007 2012 2015 2015 2015 2015 2013 2010 2012 2007 2006 2005 2003 2003 1999 1999 1996 1994 1959 1936 1990 1989 1997 2003 2005 2004 2013 2012 2011 2013 2009 2013 2008 2009 2007 2004 1999 2003 2003 1995 1999 1999 1994 1991 1991 1989 1991 1996 2003 2004 1995 2009 2003]
            [2031 2040 2044 2048 2051 2054 2054 2054 2055 2055 2054 2054 2051 2050 2048 2045 2044 2042 2038 2038 2035 2034 2030 2037 2107 2047 2042 2054 2055 2055 2054 2054 2053 2054 2061 2047 2046 2045 2044 2043 2040 2035 2034 2030 2030 2038 2042 2046 2051 2053 2054 2054 2055 2055 2054 2053 2093]
